[gd_scene load_steps=5 format=3 uid="uid://btejrg27q3lyj"]

[ext_resource type="Script" uid="uid://qt3xvtm481hw" path="res://Common/DiveBombLevel.cs" id="1_vo1h1"]
[ext_resource type="PackedScene" uid="uid://4e3uihqv6e50" path="res://Levels/Tutorial/Maps/Intro.map" id="2_vwhqw"]
[ext_resource type="PackedScene" uid="uid://btlc2kyid5u56" path="res://Levels/Tutorial/Maps/CameraTut.map" id="3_3rttw"]

[sub_resource type="Environment" id="Environment_vwhqw"]

[node name="Tutorial" type="Node3D"]
script = ExtResource("1_vo1h1")
LevelName = "Tutorial"
HomeWorldLevel = "uid://muwxx8ltp1ss"

[node name="WorldEnvironment" type="WorldEnvironment" parent="."]
environment = SubResource("Environment_vwhqw")

[node name="DirectionalLight3D" type="DirectionalLight3D" parent="."]
transform = Transform3D(1, 0, 0, 0, 0.70710677, 0.70710677, 0, -0.70710677, 0.70710677, 0, 7, 0)
sky_mode = 1

[node name="DirectionalLight3D" type="DirectionalLight3D" parent="DirectionalLight3D"]
transform = Transform3D(0.996646, 0, -0.081834145, 0.081834145, -4.371139e-08, 0.996646, -3.5770842e-09, -1, -4.356478e-08, 0, 0, 0)
light_energy = 0.523
sky_mode = 1

[node name="DirectionalLight3D2" type="DirectionalLight3D" parent="DirectionalLight3D"]
transform = Transform3D(0.99121547, 1.7459456e-09, 0.13225667, -0.13225667, -4.2598494e-08, 0.99121547, 7.364508e-09, -1, -4.1993374e-08, 0, 0, 0)
light_energy = 0.523
sky_mode = 1

[node name="Intro" parent="." instance=ExtResource("2_vwhqw")]

[node name="CameraTut" parent="." instance=ExtResource("3_3rttw")]
transform = Transform3D(1, 0, 0, 0, 1, 0, 0, 0, 1, -2, 6, 35)
